8 8
64
0.11835546946557117 -0.06202623005313934 -0.005857784343474135 0.019562261208131017 0.04377701764921843 0.004590687934049489 -0.04073848640710231 -0.017926321334413655 -0.06202623005313934 0.2163605727979237 0.013933458602639226 -0.049668605870438344 0.0008100473770622633 0.04488635838924249 -0.01148849223585927 0.016828120979676613 -0.005857784343474135 0.013933458602639226 0.299989573541074 -0.014729450947978019 0.06211845393577449 -0.012888626601262405 -0.05741119771529063 0.0651583526492499 0.019562261208131017 -0.049668605870438344 -0.014729450947978019 0.16492651125739607 -0.0009017604995776862 0.04052787395306322 -0.08057698881032728 0.05490577378149471 0.04377701764921843 0.0008100473770622633 0.06211845393577449 -0.0009017604995776862 0.22010379857961554 -0.01205771751625348 -0.08489384925226123 0.044441808344564 0.004590687934049489 0.04488635838924249 -0.012888626601262405 0.04052787395306322 -0.01205771751625348 0.1926084950026205 -0.05029708177413165 -0.010113947045289635 -0.04073848640710231 -0.01148849223585927 -0.05741119771529063 -0.08057698881032728 -0.08489384925226123 -0.05029708177413165 0.1 -0.06814076151534919 -0.017926321334413655 0.016828120979676613 0.0651583526492499 0.05490577378149471 0.044441808344564 -0.010113947045289635 -0.06814076151534919 0.1791621649761817 
0 1 2 3 4 5 6 7 0 1 2 3 4 5 6 7 0 1 2 3 4 5 6 7 0 1 2 3 4 5 6 7 0 1 2 3 4 5 6 7 0 1 2 3 4 5 6 7 0 1 2 3 4 5 6 7 0 1 2 3 4 5 6 7 
0 8 16 24 32 40 48 56 64 
